9	180
12	2061
15	4872
18	8818
21	14522
24	25213
27	30762
30	38463
33	48914
36	61057
39	64371
42	73371
45	80369
48	89963
51	97259
54	107594
57	119258
60	120344
63	125766
66	136435
69	139029
72	139376
75	139711
78	144767
81	149882
84	158433
87	143046
90	145901
93	143025
96	148090
99	156953
102	157106
105	156907
108	135789
111	158538
114	139099
117	137908
120	151776
123	134502
126	136015
129	162509
132	189185
135	243482
138	328376
141	709617
144	17204
147	515
150	22
153	6
156	14
159	10
162	24
165	2
168	2
171	4
174	3
177	6
180	5
183	3
186	6
189	3
192	1
195	4
198	3
201	2
204	1
207	3
210	1
213	1
216	1
222	2
225	2
228	5
231	1
237	1
240	1
243	2
252	2
261	1
264	2
291	1
294	1
303	1
309	1
336	1
426	1
483	1
543	1
