8	694
11	7190
14	4116
17	7399
20	30291
23	18915
26	28145
29	36845
32	48664
35	54549
38	64615
41	71834
44	78717
47	86439
50	95337
53	130447
56	108674
59	117142
62	125297
65	127694
68	134941
71	135301
74	144107
77	143326
80	152856
83	139591
86	140497
89	141753
92	139729
95	150826
98	158378
101	146324
104	147539
107	137532
110	140325
113	141802
116	139532
119	131898
122	150836
125	147787
128	147059
131	165719
134	202242
137	373816
140	1840929
143	47523
146	630
149	48
152	8
155	10
158	8
161	19
164	6
167	6
170	7
173	5
176	3
179	5
182	6
185	8
188	1
194	24
197	2
200	2
203	6
206	7
209	44
212	1
215	3
221	2
224	3
227	1
242	1
245	2
248	1
251	1
254	1
260	1
263	1
269	1
272	1
278	2
281	1
287	2
293	1
305	1
308	1
332	1
344	1
359	1
551	1
