4	1
7	938
10	3263
13	3203
16	6467
19	10670
22	16212
25	24764
28	33945
31	42391
34	55048
37	67183
40	67757
43	74896
46	82193
49	91028
52	105368
55	106645
58	113394
61	119538
64	124467
67	128879
70	135227
73	144021
76	173563
79	157629
82	144417
85	147091
88	150478
91	149605
94	146571
97	158436
100	177497
103	162544
106	139689
109	153300
112	151096
115	137109
118	137070
121	147601
124	147475
127	159992
130	169696
133	184192
136	538165
139	346826
142	220262
145	1280
148	53
151	28
154	21
157	10
160	15
163	6
166	2
169	4
172	3
175	2
178	2
181	3
184	11
187	4
190	2
193	9
196	7
199	3
202	3
205	4
208	1
211	1
214	2
217	2
220	1
226	1
229	1
232	2
235	1
244	1
250	9
253	1
256	3
262	1
265	1
268	3
271	1
325	1
349	1
376	1
547	1
550	1
